91,46
0,551
136,38
90,251
90,250
90,249
90,248
90,247
90,246
90,238
90,237
90,236
90,235
90,234
90,233
90,232
90,231
90,260
90,259
90,257
136,37
90,230
90,229
0,549
0,548
0,547
0,544
0,543
0,542
0,541
0,539
0,538
0,537
136,36
136,35
12,3
92,412
92,411
92,410
92,409
92,408
92,407
92,406
92,405
92,404
92,403
92,402
92,401
92,400
92,399
92,398
92,397
92,396
92,395
92,394
92,393
92,392
92,391
92,390
92,389
92,388
92,387
92,386
92,385
92,384
92,383
92,382
92,381
92,380
92,379
92,378
92,377
92,376
92,375
92,374
92,373
92,372
92,371
92,370
92,369
92,368
92,367
92,366
92,365
92,364
92,363
92,362
92,361
92,360
92,359
92,358
92,357
92,356
92,319
92,318
92,317
92,316
92,315
92,314
92,313
92,312
92,311
92,310
92,309
92,308
92,307
92,306
92,305
92,43
92,42
92,4
92,1
91,409
91,408
91,407
91,406
91,405
91,404
91,403
91,402
91,401
91,400
91,399
91,398
91,397
91,396
91,395
91,394
91,393
91,392
91,391
91,390
91,389
91,388
91,387
91,386
91,385
91,373
91,372
91,371
91,303
91,302
91,301
91,300
91,299
91,298
91,255
91,50
91,47
91,1
90,319
90,318
90,317
90,316
90,315
90,314
90,313
90,312
90,311
90,310
90,309
90,308
90,307
90,306
90,305
90,304
90,303
90,302
90,301
90,300
90,299
90,298
90,297
90,296
90,295
90,294
90,293
90,292
90,245
90,244
90,243
90,242
90,241
90,240
90,239
90,41
90,40
90,1
85,11
85,10
85,9
85,8
20,3
20,2
20,1
19,3
19,2
19,1
18,3
18,1
14,14
14,13
14,12
14,9
14,3
14,1
13,3
13,1
2,3
2,2
2,1
0,372
0,367
0,366
0,365
0,0
136,34
136,33
136,32
136,31
136,30
136,29
136,28
136,27
136,26
136,25
136,24
136,23
136,22
136,21
136,20
136,19
136,18
136,17
136,16
136,15
136,14
136,13
136,12
136,11
136,10
136,9
136,8
136,7
136,6
136,5
136,4
136,3
136,2
136,0
0,374
0,276
0,275
0,272
0,271
0,12
0,317
0,10
0,8
0,503
0,406
0,268
0,540
0,460
0,267
0,502
0,401
0,266
0,515
0,422
0,265
0,501
0,334
0,264
0,514
0,413
0,263
0,513
0,326
0,262
0,536
0,325
0,261
0,535
0,379
0,260
0,370
0,346
0,259
0,499
0,405
0,258
0,532
0,360
0,257
0,369
0,408
0,256
0,512
0,386
0,255
0,521
0,254
0,498
0,343
0,253
0,511
0,404
0,252
0,497
0,403
0,251
0,510
0,250
0,516
0,385
0,249
0,496
0,378
0,248
0,495
0,377
0,247
0,494
0,246
0,493
0,322
0,245
0,492
0,433
0,244
0,491
0,455
0,242
0,490
0,331
0,241
0,489
0,432
12,1
12,2
8,2
8,14
8,7
8,13
8,15
9,3
9,2
9,1
9,7
11,3
11,24
11,1
11,26
11,12
11,15
11,25
10,3
10,287
10,1
10,219
10,81
10,253
10,297
3,3
3,2
0,522
14,10
90,3
90,11
90,8
90,9
90,13
90,81
90,128
90,256
90,258
90,39
14,5
101,1
101,4
100,1
14,6
85,3
85,6
85,7
92,641
92,40
92,242
99,1
97,3
99,5
97,4
92,41
96,1
92,9
64,15
66,3
66,1
64,5
64,7
92,199
91,4
91,31
91,11
90,85
90,87
90,88
92,227
74,1
74,5
90,82
90,83
0,523
131,1
90,0
91,36
91,45
103,6
103,1
103,5
102,9
102,1
102,8
92,8
91,7
129,3
129,1
127,1
128,3
92,245
92,131
91,8
87,1
87,4
88,1
0,388
91,152
91,153
91,155
91,156
91,346
91,28
91,44
91,71
91,78
91,106
91,256
91,15
91,27
